0; 1.07517827; 0.75703841; 1.03690803; -0.00127327; 242.81833172; 361.56981206 1.81758785
1; 0.00007022; 0.00589186; 0.00837954; 0.99690004; 0.68349363; 354.24772096 2.10160303
2; 0.00009332; 0.00792307; 0.00966002; 0.99580425; 0.91640232; 350.09956717 1.74252200
3; 0.00009867; 0.00745368; 0.00993339; 0.99562887; 0.86295083; 362.05710101 2.15361714
4; 0.59384596; 0.62592739; 0.77061403; -0.07312739; 932.14015961; 330.91700697 2.06216931
5; 0.00005438; 0.00532416; 0.00737440; 0.99763074; 0.61724978; 345.84548211 1.80980587
6; 0.00008271; 0.00660523; 0.00909426; 0.99631230; 0.76888665; 351.58961701 2.20599914
7; 0.06146819; 0.18519641; 0.24792778; 0.25100720; 22.50051200; 337.50320315 1.69227695
8; 0.07798771; 0.20741972; 0.27926278; 0.21448165; 276.14398003; 332.38879395 2.08214998
9; 0.02860979; 0.11133524; 0.16914429; 0.33380443; 10.72221547; 340.78813982 1.80627203
10; 0.00005953; 0.00553703; 0.00771557; 0.99735402; 0.64205676; 343.58094907 2.19957805
11; 0.26170158; 0.39335918; 0.51156777; -0.12737238; 250.77881813; 351.47822905 1.74784899
12; 0.00005973; 0.00546144; 0.00772880; 0.99736280; 0.63789156; 322.68907976 2.13795495
13; 0.00006216; 0.00554558; 0.00788398; 0.99726146; 0.64107552; 313.59393215 1.70559168
14; 0.00006388; 0.00569497; 0.00799241; 0.99716200; 0.66097667; 313.72728491 2.22857714
15; 0.00667182; 0.05896554; 0.08168124; 0.79019897; 7.32930377; 321.22822285 1.82619309
16; 0.00005174; 0.00497928; 0.00719304; 0.99771411; 0.57987324; 312.90638518 2.05252481
17; 0.00005866; 0.00537468; 0.00765924; 0.99742115; 0.62238597; 315.38886309 1.68933606
18; 0.00007363; 0.00613061; 0.00858106; 0.99679005; 0.70382915; 316.71551490 2.28665519
19; 0.04468374; 0.15493175; 0.21138528; 0.23758352; 16.03966206; 313.82051086 1.83804798
20; 0.11436801; 0.23920602; 0.33818340; 0.15305901; 37.92416155; 320.21135783 2.13867283
21; 0.00005681; 0.00529019; 0.00753740; 0.99749852; 0.61413310; 322.33435321 1.80975485
22; 0.00067816; 0.02118786; 0.02604160; 0.97146217; 2.41525080; 349.04096699 2.13158607
23; 0.00006180; 0.00556365; 0.00786107; 0.99725964; 0.64790086; 354.37153482 1.85242891
24; 0.00007798; 0.00660090; 0.00883037; 0.99651176; 0.76418668; 361.94502401 2.18349791
25; 0.36299133; 0.42410883; 0.60248762; -0.29092336; 359.56408978; 357.70243478 1.79010010
26; 0.00006768; 0.00585041; 0.00822686; 0.99700565; 0.67686872; 353.05050707 2.09668803
27; 0.32647783; 0.41931394; 0.57138240; 0.06148565; 374.36933494 1.77121425
28; 0.11036857; 0.24287392; 0.33221766; 0.14211488; 369.17919898 2.05306411
29; 0.03509058; 0.15663067; 0.18732481; 0.31495839; 329.56817031 1.71852875
30; 0.00006723; 0.00595576; 0.00819923; 0.99700432; 336.38828802 2.04597473
31; 0.00006791; 0.00579745; 0.00824075; 0.99699754; 370.24155021 1.73388791
